1
1
1
1
2
2
2
3
3
4
4
5
5
6
6
7
8
8
9
10
11
11
12
13
14
15
16
17
18
19
20
22
23
24
25
27
28
29
31
32
34
35
37
38
40
42
43
45
47
49
51
52
54
56
58
60
62
65
67
69
71
73
76
78
80
83
85
88
90
93
96
98
101
104
106
109
112
115
118
121
124
127
130
133
136
140
143
146
149
153
156
160
163
167
170
174
178
181
185
189
193
197
200
204
208
212
217
221
225
229
233
238
242
246
251
255
260
264
269
274
278
283
288
293
297
302
307
312
317
322
327
333
338
343
348
354
359
365
370
375
381
387
392
398
404
410
415
421
427
433
439
445
451
457
464
470
476
482
489
495
502
508
515
521
528
535
541
548
555
562
569
576
583
590
597
604
611
619
626
633
641
648
655
663
671
678
686
694
701
709
717
725
733
741
749
757
765
773
781
790
798
806
815
823
832
840
849
858
866
875
884
893
902
911
920
929
938
947
956
965
975
984
993
1003
1012
1022
1031
1041
1051
1060
1070
1080
1090
1100
1110
1120
1130
1140
1150
1160
1170
1181
1191
1201
1212
1222
1233
1244
1254
1265
1276
1286
1297
1308
1319
1330
1341
1352
1363
1375
1386
1397
1409
1420
1431
1443
1454
1466
1478
1489
1501
1513
1525
1537
1549
1561
1573
1585
1597
1609
1621
1634
1646
1658
1671
1683
1696
1708
1721
1734
1747
1759
1772
1785
1798
1811
1824
1837
1851
1864
1877
1890
1904
1917
1931
1944
1958
1971
1985
1999
2013
2026
2040
2054
2068
2082
2096
2110
2125
2139
2153
2168
2182
2196
2211
2225
2240
2255
2269
2284
2299
2314
2329
2344
2359
2374
2389
2404
2419
2435
2450
2465
2481
2496
2512
2528
2543
2559
2575
2591
2606
2622
2638
2654
2670
2687
2703
2719
2735
2752
2768
2784
2801
2818
2834
2851
2868
2884
2901
2918
2935
2952
2969
2986
3003
3020
3038
3055
3072
3090
3107
3125
3142
3160
3178
3195
3213
3231
3249
3267
3285
3303
3321
3339
3357
3376
3394
3412
3431
3449
3468
3486
3505
3524
3542
3561
3580
3599
3618
3637
3656
3675
3694
3714
3733
3752
3772
3791
3811
3830
3850
3870
3889
3909
3929
3949
3969
3989
4009
4029
4049
4069
4090
4110
4130
4151
4171
4192
4213
4233
4254
4275
4296
4316
4337
4358
4379
4401
4422
4443
4464
4486
4507
4528
4550
4571
4593
4615
4636
4658
4680
4702
4724
4746
4768
4790
4812
4834
4857
4879
4901
4924
4946
4969
4992
5014
5037
5060
5083
5105
5128
5151
5174
5198
5221
5244
5267
5291
5314
5337
5361
5385
5408
5432
5456
5479
5503
5527
5551
5575
5599
5623
5647
5672
5696
5720
5745
5769
5794
5818
5843
5868
5892
5917
5942
5967
5992
6017
6042
6067
6093
6118
6143
6168
6194
6219
6245
6271
6296
6322
6348
6374
6399
6425
6451
6477
6504
6530
6556
6582
6609
6635
6661
6688
6715
6741
6768
6795
6821
6848
6875
6902
6929
6956
6984
7011
7038
7065
7093
7120
7148
7175
7203
7230
7258
7286
7314
7342
7370
7398
7426
7454
7482
7510
7539
7567
7595
7624
7652
7681
7710
7738
7767
7796
7825
7854
7883
7912
7941
7970
8000
8001
8003
8005
8006
8008
8010
8011
8013
8015
8016
8018
8020
8021
8023
8025
8026
8028
8030
8031
8033
8035
8036
8038
8040
8041
8043
8045
8046
8048
8050
8051
8053
8055
8056
8058
8060
8061
8063
8065
8066
8068
8070
8071
8073
8075
8076
8078
8080
8081
8083
8085
8086
8088
8090
8091
8093
8095
8096
8098
8100
8101
8103
8105
8106
8108
8110
8111
8113
8115
8116
8118
8120
8121
8123
8125
8126
8128
8130
8131
8133
8135
8136
8138
8140
8141
8143
8145
8146
8148
8150
8151
8153
8155
8156
8158
8160
8161
8163
8165
8166
8168
8170
8171
8173
8175
8176
8178
8180
8181
8183
8185
8186
8188
8190
8191
8193
8195
8196
8198
8200
8201
8203
8205
8206
8208
8210
8211
8213
8215
8216
8218
8220
8221
8223
8225
8226
8228
8230
8231
8233
8235
8236
8238
8240
8241
8243
8245
8246
8248
8250
8251
8253
8255
8256
8258
8260
8261
8263
8265
8266
8268
8270
8271
8273
8275
8276
8278
8280
8281
8283
8285
8286
8288
8290
8291
8293
8295
8296
8298
8300
8301
8303
8305
8306
8308
8310
8311
8313
8315
8316
8318
8320
8321
8323
8325
8326
8328
8330
8331
8333
8335
8336
8338
8340
8341
8343
8345
8346
8348
8350
8351
8353
8355
8356
8358
8360
8361
8363
8365
8366
8368
8370
8371
8373
8375
8376
8378
8380
8381
8383
8385
8386
8388
8390
8391
8393
8395
8396
8398
8400
8401
8403
8405
8406
8408
8410
8411
8413
8415
8416
8418
8420
8421
8423
8425
8426
8428
8430
8431
8433
8435
8436
8438
8440
8441
8443
8445
8446
8448
8450
8451
8453
8455
8456
8458
8460
8461
8463
8465
8466
8468
8470
8471
8473
8475
8476
8478
8480
8481
8483
8485
8486
8488
8490
8491
8493
8495
8496
8498
8500
8501
8503
8505
8506
8508
8510
8511
8513
8515
8516
8518
8520
8521
8523
8525
8526
8528
8530
8531
8533
8535
8536
8538
8540
8541
8543
8545
8546
8548
8550
8551
8553
8555
8556
8558
8560
8561
8563
8565
8566
8568
8570
8571
8573
8575
8576
8578
8580
8581
8583
8585
8586
8588
8590
8591
8593
8595
8596
8598
8600
8601
8603
8605
8606
8608
8610
8611
8613
8615
8616
8618
8620
8621
8623
8625
8626
8628
8630
8631
8633
8635
8636
8638
8640
8641
8643
8645
8646
8648
8650
8651
8653
8655
8656
8658
8660
8661
8663
8665
8666
8668
8670
8671
8673
8675
8676
8678
8680
8681
8683
8685
8686
8688
8690
8691
8693
8695
8696
8698
8700
8701
8703
8705
8706
8708
8710
8711
8713
8715
8716
8718
8720
8721
8723
8725
8726
8728
8730
8731
8733
8735
8736
8738
8740
8741
8743
8745
8746
8748
8750
8751
8753
8755
8756
8758
8760
8761
8763
8765
8766
8768
8770
8771
8773
8775
8776
8778
8780
8781
8783
8785
8786
8788
8790
8791
8793
8795
8796
8798
8800
8801
8803
8805
8806
8808
8810
8811
8813
8815
8816
8818
8820
8821
8823
8825
8826
8828
8830
8831
8833
8835
8836
8838
8840
8841
8843
8845
8846
8848
8850
8851
8853
8855
8856
8858
8860
8861
8863
8865
8866
8868
8870
8871
8873
8875
8876
8878
8880
8881
8883
8885
8886
8888
8890
8891
8893
8895
8896
8898
8900
8901
8903
8905
8906
8908
8910
8911
8913
8915
8916
8918
8920
8921
8923
8925
8926
8928
8930
8931
8933
8935
8936
8938
8940
8941
8943
8945
8946
8948
8950
8951
8953
8955
8956
8958
8960
8961
8963
8965
8966
8968
8970
8971
8973
8975
8976
8978
8980
8981
8983
8985
8986
8988
8990
8991
8993
8995
8996
8998
9000
8910
8820
8730
8640
8550
8460
8370
8280
8190
8100
8010
7920
7830
7740
7650
7560
7470
7380
7290
7200
7110
7020
6930
6840
6750
6660
6570
6480
6390
6300
6210
6120
6030
5940
5850
5760
5670
5580
5490
5400
5310
5220
5130
5040
4950
4860
4770
4680
4590
4500
4410
4320
4230
4140
4050
3960
3870
3780
3690
3600
3510
3420
3330
3240
3150
3060
2970
2880
2790
2700
2610
2520
2430
2340
2250
2160
2070
1980
1890
1800
1710
1620
1530
1440
1350
1260
1170
1080
990
900
810
720
630
540
450
360
270
180
90
