0
0
0
0
0
0
0
0
0
0
0
0
0
0
0
0
0
0
0
1
1
1
1
1
1
1
1
1
1
1
2
2
2
2
2
2
2
2
3
3
3
3
3
3
4
4
4
4
4
4
5
5
5
5
5
6
6
6
6
6
7
7
7
7
8
8
8
8
9
9
9
9
10
10
10
10
11
11
11
12
12
12
13
13
13
14
14
14
14
15
15
16
16
16
17
17
17
18
18
18
19
19
20
20
20
21
21
22
22
22
23
23
24
24
25
25
26
26
26
27
27
28
28
29
29
30
30
31
31
32
32
33
33
34
34
35
35
36
37
37
38
38
39
39
40
41
41
42
42
43
43
44
45
45
46
47
47
48
48
49
50
50
51
52
52
53
54
54
55
56
56
57
58
59
59
60
61
61
62
63
64
64
65
66
67
67
68
69
70
70
71
72
73
74
74
75
76
77
78
79
79
80
81
82
83
84
84
85
86
87
88
89
90
91
92
92
93
94
95
96
97
98
99
100
101
102
103
104
105
106
107
108
109
110
111
112
113
114
115
116
117
118
119
120
121
122
123
124
125
126
127
128
129
130
131
133
134
135
136
137
138
139
140
142
143
144
145
146
147
148
150
151
152
153
154
156
157
158
159
160
162
163
164
165
167
168
169
170
172
173
174
175
177
178
179
181
182
183
185
186
187
189
190
191
193
194
195
197
198
199
201
202
204
205
206
208
209
211
212
213
215
216
218
219
221
222
224
225
226
228
229
231
232
234
235
237
238
240
241
243
245
246
248
249
251
252
254
255
257
259
260
262
263
265
267
268
270
271
273
275
276
278
280
281
283
285
286
288
290
291
293
295
296
298
300
302
303
305
307
309
310
312
314
316
317
319
321
323
324
326
328
330
332
333
335
337
339
341
343
344
346
348
350
352
354
356
358
359
361
363
365
367
369
371
373
375
377
379
381
383
385
387
388
390
392
394
396
398
400
402
404
406
409
411
413
415
417
419
421
423
425
427
429
431
433
435
437
440
442
444
446
448
450
452
455
457
459
461
463
465
468
470
472
474
476
479
481
483
485
487
490
492
494
496
499
501
503
506
508
510
512
515
517
519
522
524
526
529
531
533
536
538
540
543
545
547
550
552
555
557
559
562
564
567
569
572
574
576
579
581
584
586
589
591
594
596
599
601
604
606
609
611
614
616
619
621
624
627
629
632
634
637
639
642
645
647
650
653
655
658
660
663
666
668
671
674
676
679
682
684
687
690
692
695
698
701
703
706
709
712
714
717
720
723
725
728
731
734
737
739
742
745
748
751
753
756
759
762
765
768
771
773
776
779
782
785
788
791
794
797
800
800
800
800
800
800
801
801
801
801
801
801
802
802
802
802
802
802
803
803
803
803
803
803
804
804
804
804
804
804
805
805
805
805
805
805
806
806
806
806
806
806
807
807
807
807
807
807
808
808
808
808
808
808
809
809
809
809
809
809
810
810
810
810
810
810
811
811
811
811
811
811
812
812
812
812
812
812
813
813
813
813
813
813
814
814
814
814
814
814
815
815
815
815
815
815
816
816
816
816
816
816
817
817
817
817
817
817
818
818
818
818
818
818
819
819
819
819
819
819
820
820
820
820
820
820
821
821
821
821
821
821
822
822
822
822
822
822
823
823
823
823
823
823
824
824
824
824
824
824
825
825
825
825
825
825
826
826
826
826
826
826
827
827
827
827
827
827
828
828
828
828
828
828
829
829
829
829
829
829
830
830
830
830
830
830
831
831
831
831
831
831
832
832
832
832
832
832
833
833
833
833
833
833
834
834
834
834
834
834
835
835
835
835
835
835
836
836
836
836
836
836
837
837
837
837
837
837
838
838
838
838
838
838
839
839
839
839
839
839
840
840
840
840
840
840
841
841
841
841
841
841
842
842
842
842
842
842
843
843
843
843
843
843
844
844
844
844
844
844
845
845
845
845
845
845
846
846
846
846
846
846
847
847
847
847
847
847
848
848
848
848
848
848
849
849
849
849
849
849
850
850
850
850
850
850
851
851
851
851
851
851
852
852
852
852
852
852
853
853
853
853
853
853
854
854
854
854
854
854
855
855
855
855
855
855
856
856
856
856
856
856
857
857
857
857
857
857
858
858
858
858
858
858
859
859
859
859
859
859
860
860
860
860
860
860
861
861
861
861
861
861
862
862
862
862
862
862
863
863
863
863
863
863
864
864
864
864
864
864
865
865
865
865
865
865
866
866
866
866
866
866
867
867
867
867
867
867
868
868
868
868
868
868
869
869
869
869
869
869
870
870
870
870
870
870
871
871
871
871
871
871
872
872
872
872
872
872
873
873
873
873
873
873
874
874
874
874
874
874
875
875
875
875
875
875
876
876
876
876
876
876
877
877
877
877
877
877
878
878
878
878
878
878
879
879
879
879
879
879
880
880
880
880
880
880
881
881
881
881
881
881
882
882
882
882
882
882
883
883
883
883
883
883
884
884
884
884
884
884
885
885
885
885
885
885
886
886
886
886
886
886
887
887
887
887
887
887
888
888
888
888
888
888
889
889
889
889
889
889
890
890
890
890
890
890
891
891
891
891
891
891
892
892
892
892
892
892
893
893
893
893
893
893
894
894
894
894
894
894
895
895
895
895
895
895
896
896
896
896
896
896
897
897
897
897
897
897
898
898
898
898
898
898
899
899
899
899
899
899
900
891
882
873
864
855
846
837
828
819
810
801
792
783
774
765
756
747
738
729
720
711
702
693
684
675
666
657
648
639
630
621
612
603
594
585
576
567
558
549
540
531
522
513
504
495
486
477
468
459
450
441
432
423
414
405
396
387
378
369
360
351
342
333
324
315
306
297
288
279
270
261
252
243
234
225
216
207
198
189
180
171
162
153
144
135
126
117
108
99
90
81
72
63
54
45
36
27
18
9
